sn [] 
600004 [] 
600009 [] 
600010 [] 
600011 [] 
600015 [] 
600016 [] 
600017 [] 
600018 [] 
600019 [] 
600020 [] 
600021 [] 
600023 [] 
600026 [] 
600028 [] 
600029 [] 
600031 [] 
600036 [] 
600048 [] 
600050 [] 
600051 [] 
600056 [] 
600062 [] 
600075 [] 
600079 [] 
600082 [] 
600084 [] 
600085 [] 
600086 [] 
600089 [] 
600090 [] 
600099 [] 
600104 [] 
600111 [] 
600112 [] 
600114 [] 
600115 [] 
600129 [] 
600133 [] 
600137 [] 
600153 [] 
600161 [] 
600165 [] 
600169 [] 
600172 [] 
600175 [] 
600176 [] 
600177 [] 
600179 [] 
600196 [] 
600197 [] 
600201 [] 
600212 [] 
600227 [] 
600228 [] 
600239 [] 
600242 [] 
600247 [] 
600256 [] 
600257 [] 
600267 [] 
600269 [] 
600270 [] 
600273 [] 
600277 [] 
600278 [] 
600289 [] 
600290 [] 
600291 [] 
600295 [] 
600297 [] 
600298 [] 
600302 [] 
600315 [] 
600318 [] 
600319 [] 
600320 [] 
600323 [] 
600331 [] 
600332 [] 
600340 [] 
600346 [] 
600350 [] 
600352 [] 
600353 [] 
600358 [] 
600378 [] 
600380 [] 
600383 [] 
600387 [] 
600392 [] 
600406 [] 
600415 [] 
600421 [] 
600426 [] 
600436 [] 
600452 [] 
600455 [] 
600458 [] 
600462 [] 
600468 [] 
600479 [] 
600480 [] 
600482 [] 
600486 [] 
600495 [] 
600508 [] 
600511 [] 
600518 [] 
600519 [] 
600521 [] 
600528 [] 
600529 [] 
600532 [] 
600535 [] 
600540 [] 
600545 [] 
600556 [] 
600557 [] 
600566 [] 
600568 [] 
600572 [] 
600579 [] 
600583 [] 
600584 [] 
600585 [] 
600600 [] 
600610 [] 
600612 [] 
600614 [] 
600634 [] 
600645 [] 
600651 [] 
600654 [] 
600655 [] 
600658 [] 
600660 [] 
600668 [] 
600674 [] 
600681 [] 
600682 [] 
600685 [] 
600688 [] 
600690 [] 
600693 [] 
600695 [] 
600696 [] 
600699 [] 
600701 [] 
600702 [] 
600703 [] 
600705 [] 
600710 [] 
600719 [] 
600720 [] 
600729 [] 
600731 [] 
600732 [] 
600739 [] 
600741 [] 
600745 [] 
600750 [] 
600751 [] 
600761 [] 
600763 [] 
600768 [] 
600771 [] 
600779 [] 
600781 [] 
600790 [] 
600793 [] 
600795 [] 
600798 [] 
600803 [] 
600806 [] 
600816 [] 
600818 [] 
600822 [] 
600825 [] 
600835 [] 
600841 [] 
600847 [] 
600848 [] 
600851 [] 
600857 [] 
600868 [] 
600870 [] 
600872 [] 
600875 [] 
600877 [] 
600885 [] 
600886 [] 
600887 [] 
600890 [] 
600891 [] 
600900 [] 
600908 [] 
600919 [] 
600965 [] 
600970 [] 
600975 [] 
600985 [] 
600987 [] 
600993 [] 
601002 [] 
601006 [] 
601012 [] 
601018 [] 
601098 [] 
601100 [] 
601111 [] 
601113 [] 
601117 [] 
601128 [] 
601155 [] 
601186 [] 
601216 [] 
601229 [] 
601231 [] 
601238 [] 
601313 [] 
601318 [] 
601336 [] 
601390 [] 
601579 [] 
601588 [] 
601601 [] 
601607 [] 
601608 [] 
601618 [] 
601628 [] 
601668 [] 
601669 [] 
601678 [] 
601689 [] 
601727 [] 
601766 [] 
601789 [] 
601799 [] 
601800 [] 
601857 [] 
601872 [] 
601877 [] 
601882 [] 
601888 [] 
601900 [] 
601919 [] 
601928 [] 
601933 [] 
601985 [] 
601989 [] 
601991 [] 
601992 [] 
601996 [] 
601997 [] 
601999 [] 
603002 [] 
603008 [] 
603009 [] 
603010 [] 
603011 [] 
603016 [] 
603018 [] 
603025 [] 
603030 [] 
603032 [] 
603036 [] 
603039 [] 
603040 [] 
603058 [] 
603085 [] 
603089 [] 
603090 [] 
603098 [] 
603108 [] 
603128 [] 
603131 [] 
603160 [] 
603167 [] 
603169 [] 
603177 [] 
603239 [] 
603308 [] 
603313 [] 
603319 [] 
603328 [] 
603338 [] 
603377 [] 
603389 [] 
603444 [] 
603456 [] 
603508 [] 
603515 [] 
603520 [] 
603579 [] 
603599 [] 
603608 [] 
603626 [] 
603628 [] 
603638 [] 
603696 [] 
603699 [] 
603708 [] 
603729 [] 
603779 [] 
603806 [] 
603816 [] 
603823 [] 
603858 [] 
603866 [] 
603868 [] 
603883 [] 
603886 [] 
603889 [] 
603898 [] 
603899 [] 
603900 [] 
603936 [] 
603939 [] 
603966 [] 
603977 [] 
603986 [] 
603989 [] 
603996 [] 
603997 [] 
000002 [] 
000006 [] 
000007 [] 
000016 [] 
000019 [] 
000020 [] 
000022 [] 
000023 [] 
000028 [] 
000029 [] 
000030 [] 
000031 [] 
000032 [] 
000035 [] 
000039 [] 
000049 [] 
000050 [] 
000056 [] 
000059 [] 
000063 [] 
000065 [] 
000069 [] 
000089 [] 
000090 [] 
000100 [] 
000155 [] 
000157 [] 
000333 [] 
000338 [] 
000416 [] 
000418 [] 
000423 [] 
000425 [] 
000429 [] 
000509 [] 
000513 [] 
000525 [] 
000526 [] 
000528 [] 
000531 [] 
000533 [] 
000538 [] 
000544 [] 
000546 [] 
000553 [] 
000555 [] 
000557 [] 
000568 [] 
000581 [] 
000582 [] 
000585 [] 
000592 [] 
000595 [] 
000596 [] 
000601 [] 
000606 [] 
000608 [] 
000613 [] 
000623 [] 
000627 [] 
000629 [] 
000631 [] 
000633 [] 
000651 [] 
000652 [] 
000659 [] 
000661 [] 
000662 [] 
000666 [] 
000672 [] 
000673 [] 
000676 [] 
000687 [] 
000693 [] 
000709 [] 
000716 [] 
000725 [] 
000759 [] 
000766 [] 
000786 [] 
000798 [] 
000802 [] 
000823 [] 
000825 [] 
000830 [] 
000836 [] 
000838 [] 
000848 [] 
000858 [] 
000869 [] 
000876 [] 
000885 [] 
000892 [] 
000893 [] 
000900 [] 
000910 [] 
000915 [] 
000921 [] 
000927 [] 
000935 [] 
000953 [] 
000959 [] 
000971 [] 
000981 [] 
000987 [] 
000989 [] 
000999 [] 
001696 [] 
001979 [] 
002002 [] 
002006 [] 
002007 [] 
002014 [] 
002015 [] 
002019 [] 
002020 [] 
002021 [] 
002024 [] 
002027 [] 
002032 [] 
002034 [] 
002035 [] 
002038 [] 
002039 [] 
002042 [] 
002043 [] 
002050 [] 
002051 [] 
002052 [] 
002054 [] 
002058 [] 
002061 [] 
002077 [] 
002080 [] 
002081 [] 
002086 [] 
002088 [] 
002094 [] 
002099 [] 
002101 [] 
002102 [] 
002110 [] 
002117 [] 
002122 [] 
002141 [] 
002142 [] 
002145 [] 
002146 [] 
002168 [] 
002174 [] 
002186 [] 
002188 [] 
002189 [] 
002192 [] 
002194 [] 
002198 [] 
002200 [] 
002206 [] 
002210 [] 
002211 [] 
002213 [] 
002216 [] 
002217 [] 
002219 [] 
002221 [] 
002222 [] 
002228 [] 
002233 [] 
002234 [] 
002236 [] 
002238 [] 
002240 [] 
002241 [] 
002245 [] 
002250 [] 
002255 [] 
002258 [] 
002262 [] 
002263 [] 
002273 [] 
002275 [] 
002282 [] 
002287 [] 
002293 [] 
002294 [] 
002295 [] 
002297 [] 
002301 [] 
002302 [] 
002306 [] 
002307 [] 
002311 [] 
002322 [] 
002323 [] 
002331 [] 
002332 [] 
002356 [] 
002357 [] 
002366 [] 
002371 [] 
002373 [] 
002377 [] 
002379 [] 
002384 [] 
002387 [] 
002390 [] 
002394 [] 
002396 [] 
002398 [] 
002399 [] 
002401 [] 
002403 [] 
002412 [] 
002415 [] 
002422 [] 
002423 [] 
002427 [] 
002430 [] 
002434 [] 
002437 [] 
002439 [] 
002440 [] 
002441 [] 
002442 [] 
002447 [] 
002449 [] 
002450 [] 
002453 [] 
002455 [] 
002456 [] 
002463 [] 
002466 [] 
002470 [] 
002475 [] 
002482 [] 
002485 [] 
002486 [] 
002493 [] 
002496 [] 
002501 [] 
002503 [] 
002507 [] 
002510 [] 
002513 [] 
002515 [] 
002517 [] 
002531 [] 
002543 [] 
002545 [] 
002567 [] 
002570 [] 
002575 [] 
002582 [] 
002583 [] 
002589 [] 
002595 [] 
002597 [] 
002602 [] 
002603 [] 
002612 [] 
002614 [] 
002616 [] 
002618 [] 
002621 [] 
002622 [] 
002625 [] 
002626 [] 
002635 [] 
002636 [] 
002643 [] 
002644 [] 
002649 [] 
002650 [] 
002651 [] 
002659 [] 
002661 [] 
002664 [] 
002668 [] 
002678 [] 
002685 [] 
002694 [] 
002695 [] 
002696 [] 
002701 [] 
002711 [] 
002713 [] 
002714 [] 
002723 [] 
002724 [] 
002726 [] 
002729 [] 
002738 [] 
002740 [] 
002742 [] 
002743 [] 
002751 [] 
002752 [] 
002756 [] 
002767 [] 
002773 [] 
002781 [] 
002796 [] 
002803 [] 
002806 [] 
002807 [] 
002821 [] 
002822 [] 
002827 [] 
002828 [] 
002830 [] 
002831 [] 
002832 [] 
002836 [] 
002840 [] 
002843 [] 
002846 [] 
300003 [] 
300012 [] 
300015 [] 
300021 [] 
300022 [] 
300029 [] 
300034 [] 
300054 [] 
300056 [] 
300070 [] 
300083 [] 
300085 [] 
300088 [] 
300109 [] 
300110 [] 
300115 [] 
300117 [] 
300128 [] 
300130 [] 
300133 [] 
300134 [] 
300136 [] 
300138 [] 
300144 [] 
300145 [] 
300146 [] 
300149 [] 
300152 [] 
300160 [] 
300174 [] 
300176 [] 
300196 [] 
300197 [] 
300204 [] 
300210 [] 
300230 [] 
300234 [] 
300257 [] 
300259 [] 
300272 [] 
300275 [] 
300280 [] 
300282 [] 
300289 [] 
300301 [] 
300313 [] 
300316 [] 
300323 [] 
300328 [] 
300342 [] 
300343 [] 
300351 [] 
300357 [] 
300364 [] 
300371 [] 
300376 [] 
300384 [] 
300392 [] 
300400 [] 
300402 [] 
300406 [] 
300407 [] 
300415 [] 
300423 [] 
300430 [] 
300433 [] 
300461 [] 
300462 [] 
300464 [] 
300466 [] 
300480 [] 
300481 [] 
300492 [] 
300498 [] 
300508 [] 
300535 [] 
300547 [] 
300558 [] 
300567 [] 
300571 [] 
300572 [] 
300577 [] 
300580 [] 
300587 [] 
300596 [] 
300606 [] 
300607 [] 
300617 [] 
