000004 00 11 411 311 upup doup
000007 10 00 411 121 upup updo
000012 00 00 411 121 upup upup
000017 00 00 411 411 upup doup
000019 00 00 411 121 upup upup
000031 00 01 411 321 upup doup
000034 00 01 411 330 updo doup
000035 00 00 411 121 upup upup
000037 00 00 411 111 upup updo
000045 00 00 411 121 upup updo
000058 00 11 411 221 upup updo
000061 00 00 411 410 updo doup
000070 00 11 411 311 updo doup
000089 00 00 411 421 upup upup
000409 00 00 411 410 upup doup
000416 00 00 411 111 upup upup
000421 00 00 411 111 upup updo
000425 11 00 231 111 doup upup
000502 00 00 411 121 upup updo
000509 00 00 411 410 upup doup
000516 00 11 411 440 updo dodo
000521 00 00 411 111 upup upup
000523 00 00 411 111 upup upup
000526 00 11 411 321 upup doup
000531 00 00 411 130 upup updo
000532 00 00 411 111 upup updo
000536 00 00 411 111 updo upup
000541 00 11 411 321 upup doup
000555 00 00 411 121 upup upup
000566 00 00 411 121 upup updo
000584 11 11 231 321 doup doup
000585 00 00 411 111 upup upup
000592 00 00 411 121 upup upup
000595 00 11 411 330 updo doup
000608 00 00 411 121 updo upup
000622 00 10 411 340 updo dodo
000631 00 00 411 121 upup upup
000633 00 11 411 330 upup dodo
000652 00 00 411 411 updo doup
000659 00 00 411 111 upup updo
000662 00 00 411 111 upup upup
000676 00 00 411 121 upup upup
000678 00 00 411 111 upup upup
000695 00 01 411 340 updo doup
000702 00 00 411 111 updo upup
000715 00 11 411 311 updo doup
000757 00 11 411 340 updo doup
000777 00 00 411 111 upup upup
000791 00 11 411 340 updo dodo
000793 01 00 411 121 upup updo
000796 01 00 231 111 doup updo
000810 00 00 411 111 upup upup
000813 00 00 411 121 upup updo
000825 11 00 231 121 doup updo
000860 01 01 411 311 upup doup
000876 00 00 411 121 upup updo
000880 00 00 411 411 upup doup
000887 00 01 411 311 updo doup
000892 00 00 411 140 upup updo
000893 00 00 411 440 updo doup
000900 11 00 231 121 doup upup
000917 00 00 411 121 upup updo
000918 00 00 411 111 upup updo
000920 00 11 411 311 upup doup
000922 00 00 411 121 upup upup
000927 00 01 411 330 upup dodo
000929 00 00 411 111 upup upup
000948 00 00 411 111 updo upup
000961 00 00 411 310 updo dodo
000971 00 00 411 111 upup updo
000972 00 10 411 230 updo updo
000995 00 11 411 320 upup dodo
001696 00 00 411 121 upup updo
001896 00 00 411 411 upup doup
002005 00 11 411 311 updo doup
002006 00 00 411 111 upup upup
002007 00 11 411 321 upup doup
002010 00 01 411 221 upup updo
002014 00 00 411 410 updo doup
002015 00 00 411 221 upup upup
002016 00 00 411 421 upup updo
002021 00 00 411 111 upup upup
002023 00 00 411 121 upup upup
002052 00 00 411 130 updo updo
002055 01 00 231 111 doup upup
002058 00 00 411 111 upup updo
002071 00 01 411 340 updo dodo
002096 00 00 411 141 upup updo
002100 00 00 411 111 upup upup
002102 00 01 411 410 updo doup
002117 00 00 411 131 upup upup
002123 00 00 411 111 updo upup
002129 00 01 411 340 updo dodo
002130 00 00 411 111 upup upup
002134 00 01 411 411 upup doup
002137 00 00 411 440 updo doup
002141 00 00 411 121 upup updo
002144 00 00 411 411 updo doup
002164 00 00 411 121 upup updo
002173 00 00 411 111 upup upup
002175 00 01 411 310 upup doup
002184 00 00 411 121 upup upup
002186 00 00 411 121 upup updo
002188 00 00 411 121 upup updo
002189 00 00 411 121 upup updo
002197 00 00 411 121 upup upup
002198 00 00 411 111 upup upup
002203 11 00 231 111 doup upup
002207 00 00 411 111 upup updo
002211 00 00 411 131 upup updo
002213 00 00 411 121 upup upup
002216 00 01 411 221 upup upup
002218 11 00 231 111 doup upup
002219 00 01 411 410 updo doup
002221 00 00 411 121 upup updo
002238 00 00 411 131 upup updo
002240 11 00 231 121 doup updo
002242 11 00 231 111 doup upup
002248 00 00 411 111 upup updo
002250 00 00 411 111 upup upup
002252 00 01 411 311 updo dodo
002255 00 00 411 111 upup upup
002259 00 00 411 121 upup updo
002272 00 00 411 111 upup updo
002278 00 10 411 221 upup upup
002280 00 00 411 111 upup upup
002284 00 01 411 311 updo doup
002287 00 11 411 330 updo doup
002289 00 01 411 340 updo doup
002291 00 01 411 210 updo doup
002292 00 01 411 221 upup upup
002295 00 00 411 440 updo dodo
002297 00 00 411 321 upup updo
002301 00 00 411 111 upup upup
002303 00 11 411 311 updo doup
002306 00 00 411 121 upup upup
002312 00 01 411 311 updo doup
002314 00 00 411 121 upup updo
002319 00 00 411 111 updo updo
002323 00 00 411 121 upup upup
002329 00 00 411 111 upup updo
002330 00 00 411 121 upup updo
002338 00 00 411 111 upup upup
002347 00 11 411 311 upup doup
002348 00 00 411 111 upup upup
002349 00 01 411 140 upup updo
002353 00 00 411 121 upup updo
002357 00 11 411 330 updo dodo
002358 00 00 411 111 upup upup
002360 00 00 411 121 upup updo
002368 00 00 411 121 upup updo
002373 00 00 411 121 upup updo
002375 00 01 411 311 updo doup
002382 00 01 411 330 upup doup
002385 00 00 411 121 upup upup
002390 00 11 411 230 updo updo
002394 00 11 411 340 updo doup
002395 00 00 411 411 updo dodo
002403 00 11 411 321 updo doup
002408 11 00 231 121 doup upup
002416 00 00 411 111 upup updo
002417 00 00 411 121 upup updo
002432 00 11 411 340 updo doup
002433 00 11 411 310 updo doup
002437 00 00 411 121 upup upup
002438 00 00 411 440 updo doup
002443 00 00 411 111 upup updo
002453 00 00 411 411 upup doup
002459 00 01 411 440 updo dodo
002464 00 00 411 111 upup updo
002480 00 11 411 221 upup updo
002485 11 00 231 130 dodo upup
002487 00 00 411 111 upup updo
002489 00 00 411 121 upup updo
002490 00 01 411 121 upup upup
002502 00 00 411 121 upup updo
002513 00 00 411 440 updo doup
002516 00 01 411 121 upup updo
002522 00 00 411 121 upup upup
002524 00 00 411 111 upup updo
002526 00 00 411 111 upup updo
002531 00 11 411 321 updo doup
002543 10 00 411 121 upup updo
002551 00 11 411 310 updo doup
002552 00 11 411 310 updo doup
002554 00 11 411 440 updo dodo
002558 00 00 411 111 upup upup
002565 00 01 411 411 updo dodo
002566 00 10 411 340 updo doup
002571 00 11 411 221 upup updo
002575 00 00 411 121 upup updo
002577 00 00 411 111 upup upup
002579 00 00 411 111 upup upup
002595 00 00 411 421 upup upup
002599 00 00 411 111 upup upup
002602 00 00 411 121 upup updo
002605 00 11 411 321 updo doup
002607 00 11 411 311 updo dodo
002610 00 00 411 411 upup doup
002611 00 00 411 111 updo upup
002612 00 00 411 130 updo updo
002618 00 11 411 320 upup doup
002623 00 10 411 221 upup upup
002625 00 00 411 111 upup doup
002629 00 10 411 431 updo updo
002630 00 00 411 121 upup updo
002633 00 00 411 111 upup upup
002634 00 00 411 111 upup upup
002649 00 11 411 221 upup upup
002650 00 00 411 111 upup updo
002651 00 00 411 131 upup updo
002653 00 11 411 221 upup upup
002655 00 00 411 411 upup doup
002661 00 00 411 230 updo updo
002663 00 00 411 411 upup doup
002667 00 11 411 311 updo doup
002671 00 01 411 411 upup doup
002674 00 01 411 311 upup doup
002675 00 01 411 340 updo doup
002678 00 00 411 111 upup upup
002687 00 00 411 121 upup updo
002688 00 00 411 111 upup upup
002690 00 00 411 121 upup upup
002693 00 01 411 310 updo doup
002701 00 00 411 140 updo updo
002706 00 00 411 111 upup upup
002709 11 00 231 111 dodo upup
002712 00 11 411 321 upup doup
002719 00 11 411 340 updo doup
002722 00 10 411 121 upup updo
002725 00 00 411 111 upup updo
002728 00 11 411 340 updo doup
002729 00 00 411 340 updo doup
002740 00 00 411 130 upup upup
002750 00 00 411 111 upup upup
002752 00 00 411 440 updo doup
002755 00 00 411 111 updo updo
002756 10 11 411 320 upup doup
002757 00 01 411 340 updo dodo
002758 00 01 411 411 upup doup
002760 00 01 411 321 upup dodo
002761 00 11 411 230 updo updo
002762 00 01 411 310 updo doup
002767 00 00 411 131 upup updo
002772 00 00 411 411 upup doup
002778 00 00 411 121 upup updo
002779 00 00 411 131 upup updo
002781 00 00 411 131 updo updo
002788 00 01 411 221 upup upup
002789 00 11 411 320 updo doup
002790 00 11 411 410 upup doup
002793 00 00 411 111 upup updo
002796 00 00 411 440 updo doup
002797 00 11 411 310 updo doup
002801 10 11 411 340 updo doup
002805 10 00 411 111 updo upup
002808 10 00 411 111 updo updo
002811 10 00 411 121 upup upup
300004 00 01 411 311 updo doup
300011 00 00 411 121 upup updo
300023 00 00 411 411 updo doup
300026 00 01 411 411 upup doup
300028 00 01 411 311 upup doup
300029 00 00 411 121 upup upup
300034 00 00 411 121 upup updo
300051 00 00 411 111 upup upup
300054 00 00 411 121 upup upup
300056 00 00 411 121 upup updo
300057 00 00 411 111 upup upup
300059 01 00 231 111 doup upup
300061 00 00 411 111 upup upup
300063 00 00 411 111 upup upup
300085 00 00 411 121 upup updo
300093 00 00 411 111 upup upup
300101 00 00 411 121 upup updo
300102 01 00 231 111 doup upup
300103 00 10 411 121 upup upup
300106 00 10 411 311 upup doup
300109 00 00 411 121 upup updo
300111 00 00 411 111 upup upup
300112 00 11 411 311 updo doup
300113 00 00 411 411 upup doup
300118 00 01 411 311 upup doup
300120 00 00 411 411 updo doup
300144 00 00 411 121 upup upup
300146 01 11 231 221 doup upup
300155 00 01 411 311 updo doup
300159 00 00 411 411 upup doup
300160 00 00 411 411 updo doup
300165 00 00 411 111 upup upup
300168 00 00 411 111 upup updo
300174 00 00 411 131 upup updo
300177 00 11 411 311 updo doup
300180 10 00 411 121 upup upup
300187 00 01 411 340 updo doup
300190 00 11 411 330 updo dodo
300191 00 00 411 121 upup updo
300196 00 00 411 131 upup updo
300209 00 00 411 431 updo updo
300211 00 11 411 311 updo doup
300220 00 10 411 121 upup upup
300234 00 01 411 310 updo doup
300235 00 00 411 141 upup updo
300244 00 11 411 320 upup doup
300250 00 00 411 111 updo updo
300252 00 00 411 111 upup upup
300254 00 00 411 111 updo upup
300259 00 00 411 131 upup updo
300260 00 01 411 321 updo doup
300264 00 00 411 111 upup upup
300269 00 11 411 311 updo doup
300270 00 10 411 121 upup upup
300272 00 00 411 111 upup upup
300273 00 11 411 310 updo doup
300275 00 11 411 330 updo dodo
300279 00 00 411 111 upup upup
300281 00 00 411 111 upup upup
300282 00 10 411 221 upup updo
300286 00 00 411 111 upup upup
300292 00 11 411 311 upup doup
300301 00 00 411 111 upup upup
300302 00 00 411 340 updo dodo
300311 00 00 411 121 upup updo
300321 00 11 411 221 upup upup
300322 00 01 411 411 upup doup
300326 00 11 411 211 updo doup
300329 00 00 411 411 updo doup
300330 00 00 411 111 updo updo
300339 00 00 411 111 upup upup
300345 00 00 411 411 upup doup
300351 00 00 411 130 upup updo
300354 00 11 411 340 updo doup
300360 00 00 411 121 upup updo
300364 00 00 411 440 updo dodo
300369 00 00 411 121 upup updo
300370 00 01 411 411 updo doup
300379 00 00 411 111 upup updo
300385 00 11 411 221 updo doup
300387 00 11 411 311 updo doup
300388 00 11 411 321 upup doup
300389 00 00 411 121 upup updo
300390 00 00 411 111 upup upup
300392 00 00 411 111 upup upup
300393 00 00 411 121 upup updo
300404 00 01 411 311 updo doup
300406 00 00 411 221 upup updo
300407 00 00 411 440 updo dodo
300417 00 10 411 221 upup upup
300423 00 01 411 340 updo doup
300429 00 10 411 221 upup upup
300436 00 11 411 340 updo dodo
300437 00 00 411 340 updo doup
300439 00 00 411 230 updo updo
300442 00 00 411 111 updo upup
300445 00 00 411 111 upup updo
300446 00 00 411 440 updo doup
300447 00 11 411 311 upup doup
300449 00 00 411 111 upup upup
300450 11 10 231 221 doup upup
300452 00 00 411 221 upup upup
300460 00 11 411 311 updo doup
300464 00 01 411 310 updo doup
300465 00 00 411 111 upup upup
300468 00 00 411 130 upup updo
300469 00 00 411 111 upup updo
300472 00 00 411 111 updo upup
300473 00 10 411 231 upup updo
300475 00 00 411 121 upup updo
300478 00 00 411 111 upup upup
300480 00 10 411 221 upup upup
300483 00 01 411 330 updo doup
300484 00 00 411 111 upup upup
300485 00 10 411 131 updo updo
300488 00 10 411 121 upup updo
300489 00 00 411 111 updo upup
300490 00 00 411 111 updo upup
300501 00 11 411 210 updo doup
300505 00 01 411 311 upup doup
300509 00 00 411 411 updo doup
300512 10 10 411 230 upup updo
300515 00 01 411 311 updo doup
300517 00 00 411 411 updo doup
300519 00 00 411 111 upup updo
300522 00 00 411 111 updo updo
300525 10 10 411 121 updo updo
300528 10 00 411 111 upup upup
300530 10 11 411 221 upup upup
300538 10 01 411 221 updo upup
300539 10 00 411 111 updo upup
300540 10 00 411 111 upup upup
600012 00 00 411 121 upup upup
600030 11 00 231 111 doup upup
600038 00 01 411 340 updo dodo
600079 00 00 411 121 upup upup
600084 00 00 411 121 upup updo
600086 00 00 411 131 upup updo
600090 00 00 411 121 upup upup
600091 00 00 411 111 upup updo
600097 00 00 411 421 upup upup
600098 00 00 411 111 upup upup
600107 00 11 411 211 updo doup
600122 00 00 411 440 updo doup
600137 00 00 411 130 upup updo
600149 00 01 411 410 updo doup
600150 00 11 411 340 updo doup
600151 00 00 411 111 upup upup
600168 00 00 411 111 upup upup
600182 00 01 411 321 updo doup
600184 00 00 411 111 upup updo
600187 00 00 411 111 upup upup
600203 00 11 411 311 upup doup
600207 00 00 411 111 updo updo
600208 00 01 411 411 upup updo
600211 00 11 411 310 updo doup
600215 00 10 411 221 upup updo
600220 00 00 411 111 upup updo
600241 00 00 411 111 upup upup
600242 00 00 411 131 updo updo
600247 00 00 411 121 upup updo
600256 00 00 411 421 upup updo
600257 00 00 411 121 updo updo
600268 00 00 411 111 upup upup
600271 00 00 411 421 upup updo
600275 00 00 411 111 upup updo
600283 00 11 411 311 upup doup
600289 00 01 411 121 upup updo
600299 00 00 411 411 upup updo
600302 00 00 411 111 updo upup
600312 00 00 411 111 upup upup
600318 00 10 411 130 updo updo
600328 00 00 411 121 updo updo
600350 00 00 411 121 upup upup
600351 00 11 411 310 updo doup
600352 11 00 231 111 doup upup
600358 00 00 411 121 upup updo
600360 01 00 231 111 doup upup
600363 00 00 411 111 upup upup
600365 00 01 411 440 updo doup
600370 00 00 411 410 updo doup
600378 00 11 411 221 upup upup
600379 00 00 411 121 upup upup
600416 00 11 411 221 upup upup
600423 00 00 411 121 upup updo
600425 00 00 411 221 upup updo
600432 00 10 411 230 upup updo
600455 00 11 411 330 upup dodo
600458 00 01 411 421 upup doup
600479 00 00 411 121 upup updo
600481 00 00 411 440 updo dodo
600482 00 00 411 121 upup upup
600495 00 00 411 130 upup updo
600507 11 00 231 121 doup upup
600517 00 00 411 121 upup upup
600520 00 10 411 121 upup updo
600532 00 01 411 121 updo updo
600535 00 00 411 121 upup upup
600536 00 00 411 111 upup upup
600537 00 00 411 111 upup upup
600538 00 01 411 311 updo doup
600540 00 00 411 121 upup upup
600545 00 00 411 121 upup upup
600551 00 00 411 111 upup upup
600557 00 01 411 410 updo doup
600576 00 00 411 111 upup updo
600579 00 00 411 131 upup updo
600583 00 00 411 121 upup updo
600593 00 00 411 140 upup upup
600594 00 01 411 440 updo dodo
600605 00 00 411 411 updo doup
600608 00 00 411 440 updo dodo
600610 00 00 411 440 updo dodo
600613 00 01 411 440 updo doup
600614 11 00 231 121 doup updo
600621 00 00 411 111 upup upup
600626 00 00 411 131 upup updo
600630 00 00 411 130 updo updo
600644 00 01 411 411 upup doup
600645 00 10 411 221 upup upup
600647 00 00 411 140 upup updo
600650 00 01 411 440 updo doup
600655 00 00 411 121 upup updo
600658 00 00 411 121 upup updo
600661 00 11 411 311 updo doup
600664 00 11 411 330 updo dodo
600679 00 01 411 410 updo doup
600685 00 11 411 310 updo doup
600688 10 00 411 121 upup updo
600694 00 00 411 121 upup upup
600696 00 00 411 111 updo upup
600701 00 00 411 121 upup updo
600704 11 00 231 111 doup upup
600715 10 11 411 330 updo dodo
600716 00 11 411 320 updo doup
600719 00 00 411 131 upup updo
600731 00 00 411 440 updo doup
600734 00 00 411 111 upup updo
600735 00 00 411 121 upup updo
600747 00 00 411 121 upup updo
600750 00 11 411 340 updo doup
600751 00 00 411 121 upup upup
600759 00 00 411 111 upup updo
600761 00 00 411 121 upup upup
600767 00 01 411 440 updo dodo
600768 00 01 411 121 upup updo
600770 00 00 411 111 upup upup
600781 11 00 231 111 doup upup
600782 11 00 231 111 doup upup
600817 00 00 411 111 updo upup
600818 00 00 411 121 upup upup
600826 00 00 411 440 updo dodo
600830 00 00 411 121 upup updo
600839 00 11 411 321 upup doup
600847 00 00 411 121 upup upup
600850 00 00 411 121 upup upup
600851 00 00 411 121 upup updo
600858 00 01 411 311 updo dodo
600860 00 00 411 111 upup updo
600870 00 01 411 311 upup doup
600871 00 00 411 111 upup updo
600877 00 10 411 111 updo upup
600882 00 11 411 340 updo doup
600886 11 01 231 321 dodo dodo
600892 00 00 411 140 upup updo
600917 00 00 411 131 upup updo
600936 10 01 411 311 upup doup
600958 01 00 231 111 doup upup
600975 00 01 411 340 updo dodo
600984 00 01 411 440 updo dodo
600986 00 00 411 111 upup doup
600990 00 11 411 221 upup updo
600992 00 01 411 321 upup doup
601005 00 01 411 330 updo dodo
601016 00 11 411 311 upup doup
601028 00 10 411 121 upup upup
601088 11 10 231 421 doup upup
601126 00 00 411 121 upup updo
601163 10 00 411 411 upup doup
601226 00 00 411 111 upup upup
601313 00 00 411 121 upup updo
601333 11 00 231 111 doup upup
601368 00 01 411 221 upup upup
601595 10 00 411 411 upup doup
601599 00 11 411 321 updo doup
601801 00 00 411 111 upup updo
601808 00 00 411 121 upup updo
601900 10 00 411 121 upup updo
601966 10 00 411 410 updo doup
601991 10 00 411 121 upup updo
601997 00 00 411 111 upup upup
601999 00 00 411 121 upup upup
603003 00 00 411 131 upup updo
603006 00 00 411 440 updo dodo
603008 00 00 411 121 upup updo
603023 00 00 411 131 upup updo
603028 00 01 411 311 updo doup
603029 00 00 411 410 updo doup
603030 00 01 411 421 upup doup
603031 10 00 411 411 updo doup
603069 10 11 411 330 updo doup
603099 00 00 411 111 updo updo
603100 00 00 411 111 upup upup
603108 00 00 411 131 upup updo
603158 00 11 411 310 updo doup
603159 10 11 411 340 updo dodo
603168 00 11 411 340 updo doup
603268 00 01 411 311 updo doup
603311 00 00 411 440 updo dodo
603315 00 00 411 111 upup upup
603322 10 11 411 311 updo doup
603333 00 00 411 111 upup updo
603377 00 00 411 221 upup upup
603398 00 01 411 311 updo doup
603399 11 00 231 121 doup updo
603508 00 00 411 121 upup upup
603519 00 00 411 111 upup updo
603520 00 11 411 340 updo doup
603528 00 00 411 111 upup upup
603558 00 00 411 111 updo updo
603566 00 00 411 121 upup updo
603601 00 01 411 411 upup doup
603606 00 00 411 121 upup updo
603608 00 00 411 131 upup updo
603609 00 00 411 121 upup updo
603636 00 11 411 211 updo doup
603669 00 00 411 111 upup updo
603701 00 01 411 310 updo doup
603703 00 11 411 311 updo doup
603726 00 10 411 221 upup updo
603729 00 00 411 121 upup upup
603779 10 11 411 340 updo doup
603822 00 11 411 321 upup doup
603838 00 00 411 111 upup upup
603861 00 01 411 340 updo doup
603889 00 01 411 321 upup doup
603909 10 11 411 340 updo dodo
603918 00 01 411 310 updo doup
603936 00 00 411 121 upup upup
603996 00 00 411 130 upup updo
603997 00 11 411 340 updo dodo
sn areamod dareamod seedmod dseedmod keymod_key dkeymod_key
